LH-Pu
1001 11 193 193 255
LH-Ca
1002 13 132 131 255
LH-NAC
1003 15 71 69 255
LH-EXA
1004 16 254 252 255
LH-GPe
1005 18 193 190 255
LH-GPi
1006 20 132 128 255
LH-SNc_PBP_VTA
1007 22 71 66 255
LH-RN
1008 23 254 249 255
LH-SNr
1009 25 193 187 255
LH-VeP
1010 30 254 246 255
LH-HN
1011 32 193 184 255
LH-HTH
1012 34 132 122 255
LH-MN
1013 36 71 60 255
LH-STH
1014 37 254 243 255
RH-Pu
1015 186 193 118 255
RH-Ca
1016 188 132 56 255
RH-NAC
1017 190 70 239 255
RH-EXA
1018 191 254 177 255
RH-GPe
1019 193 193 115 255
RH-GPi
1020 195 132 53 255
RH-SNc_PBP_VTA
1021 197 70 236 255
RH-RN
1022 198 254 174 255
RH-SNr
1023 200 193 112 255
RH-VeP
1024 205 254 171 255
RH-HN
1025 207 193 109 255
RH-HTH
1026 209 132 47 255
RH-MN
1027 211 70 230 255
RH-STH
1028 212 254 168 255
LH-Pulvinar
1029 214 193 106 255
LH-Anterior
1030 216 132 44 255
LH-Medio_Dorsal
1031 218 70 227 255
LH-Ventral_Latero_Dorsal
1032 219 254 165 255
LH-Central_Lateral-Lateral_Posterior-Medial_Pulvinar
1033 221 193 103 255
LH-Ventral_Anterior
1034 223 132 41 255
LH-Ventral_Latero_Ventral
1035 225 70 224 255
RH-Pulvinar
1036 226 254 162 255
RH-Anterior
1037 228 193 100 255
RH-Medio_Dorsal
1038 230 132 38 255
RH-Ventral_Latero_Dorsal
1039 232 70 221 255
RH-Central_Lateral-Lateral_Posterior-Medial_Pulvinar
1040 233 254 159 255
RH-Ventral_Anterior
1041 235 193 97 255
RH-Ventral_Latero_Ventral
1042 237 132 35 255
Cerebellar_Region1
1043 239 70 218 255
Cerebellar_Region2
1044 240 254 156 255
Cerebellar_Region3
1045 242 193 94 255
Cerebellar_Region4
1046 244 132 32 255
Cerebellar_Region5
1047 246 70 215 255
Cerebellar_Region6
1048 247 254 153 255
Cerebellar_Region7
1049 249 193 91 255
Cerebellar_Region8
1050 251 132 29 255
Cerebellar_Region9
1051 253 70 212 255
Cerebellar_Region10
1052 254 254 150 255
